,timestamp,account_id,account_name,follower
0,1639571395,744095828013424640,EXPLOSION,11068
1,1639572982,744095828013424640,EXPLOSION,11067
2,1639574785,3422200198,SPACY,20291
3,1639580112,744095828013424640,EXPLOSION,11068
4,1639581917,3422200198,SPACY,20300
5,1639582844,14622002,INES,19402
6,1639583760,421795636,PHILIP,18261
7,1639584654,14699038,MATT,12396
8,1639652696,744095828013424640,EXPLOSION,11069
9,1639654502,3422200198,SPACY,20347
10,1639656304,744095828013424640,EXPLOSION,11069
11,1639657219,3422200198,SPACY,20349
12,1639659033,14622002,INES,19410
13,1639659948,421795636,PHILIP,18270
14,1639660844,14699038,MATT,12400
15,1640016132,744095828013424640,EXPLOSION,11111
16,1640017941,3422200198,SPACY,20461
17,1640018868,14622002,INES,19449
18,1640019786,421795636,PHILIP,18360
19,1640020683,14699038,MATT,12410
20,1640096916,744095828013424640,EXPLOSION,11112
21,1640098720,3422200198,SPACY,20480
22,1640099645,14622002,INES,19453
23,1640100560,421795636,PHILIP,18387
24,1640101455,14699038,MATT,12411
