,timestamp,account_id,account_name,follower
0,1639569520,744095828013424640,EXPLOSION,16
1,1639569520,3422200198,SPACY,16
2,1639571395,744095828013424640,EXPLOSION,16
3,1639572982,744095828013424640,EXPLOSION,16
4,1639574785,3422200198,SPACY,16
5,1639580112,744095828013424640,EXPLOSION,16
6,1639581917,3422200198,SPACY,16
7,1639582844,14622002,INES,350
8,1639583760,421795636,PHILIP,3103
9,1639584654,14699038,MATT,58
10,1639652696,744095828013424640,EXPLOSION,16
11,1639654502,3422200198,SPACY,16
12,1639656304,744095828013424640,EXPLOSION,16
13,1639657219,3422200198,SPACY,16
14,1639659033,14622002,INES,350
15,1639659948,421795636,PHILIP,3103
16,1639660844,14699038,MATT,58
17,1640016132,744095828013424640,EXPLOSION,16
18,1640017941,3422200198,SPACY,16
19,1640018868,14622002,INES,350
20,1640019786,421795636,PHILIP,3108
21,1640020683,14699038,MATT,58
22,1640096916,744095828013424640,EXPLOSION,16
23,1640098720,3422200198,SPACY,16
24,1640099645,14622002,INES,350
25,1640100560,421795636,PHILIP,3110
26,1640101455,14699038,MATT,58
